row_count,elapsed_time,score_auc
1000,0.4181963999999425,0.63
2000,0.3207773000003726,0.65
3000,0.9234409000000596,0.6166666666666667
4000,0.6087885999995706,0.62
5000,0.9343175000003612,0.609
6000,0.5290439000000333,0.615
7000,1.493106799999623,0.6092857142857143
8000,2.870925299999726,0.631875
9000,0.572720200000731,0.5794444444444444
10000,3.4592962999995507,0.6125
11000,1.1514341000001878,0.5836363636363636
12000,1.6961596999999529,0.5858333333333333
13000,4.441315799999757,0.61
14000,3.518407899999147,0.6089285714285714
15000,4.168471599999975,0.6076666666666667
16000,3.948138099999596,0.6175
17000,4.6238947000001644,0.6041176470588235
18000,5.201623399999335,0.61
19000,1.2339779000003546,0.5986842105263158
20000,3.7263868,0.58425
21000,2.8868288000003304,0.5883333333333334
22000,1.670378300000266,0.575
23000,7.304202100000111,0.5969565217391304
24000,2.158283200000369,0.5747916666666667
25000,6.435891799999808,0.6
26000,6.1918383000002,0.585
27000,7.751265699999749,0.5879629629629629
28000,1.8300455999997207,0.5719642857142857
29000,1.3456938999997874,0.5755172413793104
30000,8.119991000000482,0.593
31000,8.672840500000348,0.5935483870967742
32000,8.520379200000207,0.5865625
33000,1.7256685000002108,0.5581818181818182
34000,1.7570261000000755,0.5333823529411764
35000,9.254576799999995,0.5824285714285714
36000,8.64504769999985,0.5851388888888889
37000,9.071886099999574,0.5840540540540541
38000,9.260323399999834,0.5839473684210527
39000,10.50916959999995,0.5825641025641025
40000,10.993610099999389,0.583
41000,11.23140450000028,0.5735365853658536
42000,12.286247699999876,0.5804761904761905
43000,3.787968299999193,0.541046511627907
44000,11.731193700000404,0.5647727272727273
45000,11.34471940000003,0.5678888888888889
46000,13.76990190000015,0.5606521739130435
47000,14.32597110000006,0.5711702127659575
48000,13.26537019999978,0.565625
49000,4.114802099999906,0.5227551020408163
50000,13.522046600000069,0.564
51000,13.67497639999965,0.5653921568627451
52000,17.682575499999984,0.5606730769230769
53000,19.217237599999866,0.5737735849056603
54000,18.78309850000005,0.5752777777777778
55000,15.706072500000118,0.5709090909090909
56000,15.16967300000033,0.5667857142857143
57000,17.533699000000524,0.5724561403508772
58000,19.308502099999718,0.5712068965517242
59000,18.02305650000017,0.58
60000,17.312303699999575,0.5749166666666666
61000,19.30169699999988,0.5635245901639344
62000,18.911744799999724,0.569758064516129
63000,6.5311309000007896,0.5596031746031747
64000,20.72405860000072,0.563671875
65000,19.57678190000024,0.5613076923076923
66000,17.43935049999982,0.5597727272727273
67000,17.245492099999865,0.5606716417910448
68000,18.6987623999994,0.5619117647058823
69000,18.98071929999969,0.5595652173913044
70000,20.28323710000041,0.5622857142857143
71000,18.56397769999967,0.5584507042253521
72000,18.699189599999954,0.5570138888888889
73000,19.678564100000585,0.5563698630136986
74000,19.90142680000008,0.5542567567567568
75000,5.662742200000139,0.5321333333333333
76000,22.10463759999948,0.5619078947368421
77000,20.1716751999993,0.5631168831168831
78000,22.671771699999223,0.5684615384615385
79000,21.036202400000548,0.5629113924050633
80000,24.79802869999912,0.567875
81000,22.786869800000204,0.572037037037037
82000,24.67319080000016,0.5813414634146341
83000,16.921599700001025,0.5765060240963855
84000,15.930199100001118,0.5742857142857143
85000,15.716151599999648,0.5791176470588235
86000,15.798365399999966,0.5787790697674419
87000,15.955866199999946,0.5635632183908046
88000,16.10178189999897,0.5749431818181818
89000,16.140740099999675,0.5647191011235955
90000,16.407102799999848,0.5606666666666666
91000,16.61095589999968,0.5627472527472528
92000,16.612151499999527,0.5601086956521739
93000,16.903791500000807,0.5758064516129032
94000,16.81207639999957,0.5647872340425532
95000,17.13110229999984,0.565
96000,17.511032299998988,0.5705208333333334
97000,18.54360579999957,0.5689690721649484
98000,18.07154499999888,0.5710204081632653
99000,18.020975200000976,0.5723737373737374
100000,18.19111659999908,0.58755
100000,19.816378200001054,0.58755
200000,38.66615719999936,0.63015
300000,56.50560680000126,0.6453833333333333
400000,68.44618280000032,0.6477625
500000,84.80218890000106,0.6355
600000,103.29066849999981,0.6334083333333334
700000,130.98511150000013,0.6393142857142857
800000,176.04613179999978,0.65749375
900000,193.00027890000092,0.6629055555555555
1000000,214.21636509999917,0.6741
